46 3 526
12 18 361
13 14 713
15 18 348
4 38 140
5 23 783
10 20 660
2 19 789
20 33 166
4 43 767
1 14 686
10 19 332
7 21 879
9 24 779
17 44 529
8 32 606
0 25 157
1 36 453
24 28 733
32 39 941
21 36 313
34 39 692
32 38 78
19 42 232
10 12 660
27 35 383
15 29 641
0 41 887
23 44 848
2 17 460
4 37 449
10 26 698
25 31 916
1 12 585
24 26 538
12 17 233
29 44 972
26 31 403
17 33 505
6 34 671
10 45 585
9 36 231
12 28 782
17 39 557
1 7 115
25 29 866
1 20 799
26 43 404
24 37 31
4 23 671
5 40 700
36 38 737
34 40 377
21 23 81
10 22 305
4 34 811
8 20 78
26 28 918
17 34 846
19 34 529
26 32 650
5 18 43
22 43 229
20 42 200
14 28 423
3 20 33
32 34 174
13 36 93
23 36 727
25 44 77
28 45 438
6 30 906
15 26 723
10 27 168
8 44 425
4 18 398
6 45 131
4 41 647
1 37 510
12 44 79
16 45 864
25 42 933
12 27 682
1 26 339
0 13 33
2 15 134
11 30 328
1 17 546
23 40 863
12 20 926
7 24 757
7 34 124
9 39 232
8 27 880
11 19 565
20 45 596
31 39 908
7 8 233
1 18 636
9 17 46
23 29 862
14 21 6
13 42 351
15 24 385
0 31 287
25 41 942
21 34 485
8 29 534
37 43 588
24 41 279
2 22 662
27 37 516
12 40 85
13 40 35
10 17 328
3 6 134
4 35 701
14 43 807
28 35 396
9 20 195
16 41 619
11 25 231
9 45 148
13 37 649
3 8 161
11 32 355
3 37 978
30 37 628
21 37 900
26 40 203
18 37 124
0 40 623
24 43 207
6 40 631
23 39 363
4 13 678
31 32 993
3 32 419
9 38 257
22 40 383
33 35 939
6 20 652
9 26 539
1 2 93
23 37 784
16 42 659
26 27 790
5 13 34
14 26 596
1 31 174
4 21 901
1 23 798
18 35 595
16 34 202
35 39 331
2 9 799
20 24 522
10 34 389
1 27 581
10 24 604
10 38 121
3 28 133
10 43 703
3 21 85
32 44 293
12 31 349
20 37 433
1 9 886
15 30 264
2 29 269
26 38 641
12 37 526
22 28 561
1 25 183
19 43 800
39 45 591
19 30 34
6 43 946
1 4 663
6 15 475
24 34 490
25 39 849
10 13 50
2 21 386
2 39 156
2 24 531
36 44 220
4 26 323
32 37 913
40 45 745
11 26 544
3 36 82
15 33 41
15 32 979
39 40 242
37 42 841
32 36 563
28 33 169
17 25 435
19 38 289
16 29 854
1 15 160
27 29 906
37 39 54
32 42 996
24 36 930
19 31 542
21 29 373
41 44 97
23 27 751
31 34 135
0 24 479
39 44 369
8 42 519
3 5 764
33 39 261
6 10 76
16 40 185
14 17 190
0 36 709
5 14 343
7 17 243
4 32 253
17 19 377
1 24 213
17 36 457
2 16 23
15 35 81
8 34 547
30 36 504
15 36 64
27 43 674
27 40 501
0 4 789
29 30 90
20 30 797
10 29 142
18 28 899
24 30 729
6 41 40
23 41 757
17 31 719
7 28 647
14 33 300
42 43 660
4 16 649
17 32 46
0 19 642
13 39 436
7 33 856
16 17 708
0 11 405
12 36 673
12 26 888
29 35 667
2 28 733
43 45 629
11 21 14
8 40 338
8 38 557
34 38 721
1 30 772
9 37 213
9 43 382
23 25 236
3 25 30
9 44 365
0 14 644
4 42 311
11 36 16
17 28 43
27 32 249
0 1 225
2 14 546
12 34 725
5 34 23
13 38 673
18 45 560
17 42 746
6 37 176
14 45 246
26 29 891
7 16 919
16 44 945
21 43 853
16 19 879
0 17 955
14 18 274
14 42 204
9 31 915
26 36 386
38 45 781
7 40 58
19 45 924
31 42 846
14 44 924
30 45 385
20 22 927
18 39 643
24 31 633
23 34 590
2 11 14
29 37 864
5 26 450
8 18 151
10 31 29
42 45 834
39 41 774
11 42 319
3 10 935
35 37 137
13 25 590
1 41 138
0 38 609
29 32 646
28 43 278
14 23 69
20 35 455
3 44 649
17 45 863
15 19 970
17 22 870
11 24 153
28 40 654
13 29 870
33 41 910
13 24 773
6 29 140
19 33 675
0 18 7
1 8 320
4 36 207
11 33 750
22 30 391
5 42 492
10 21 751
22 45 776
20 27 83
19 40 170
11 44 755
26 34 698
16 23 969
19 37 537
10 28 750
32 43 805
36 45 472
0 23 322
15 22 225
24 40 326
14 40 665
5 32 190
2 13 464
11 43 521
2 3 261
14 37 330
6 32 15
25 28 80
7 13 602
30 32 669
18 23 126
7 14 930
2 4 207
25 32 900
0 10 338
7 9 186
2 6 307
15 28 389
5 9 211
29 38 252
12 42 272
30 34 719
10 39 210
0 9 531
16 27 728
13 30 522
6 38 62
2 36 945
26 39 618
24 42 879
22 25 388
3 22 341
16 39 293
0 15 839
27 38 380
19 23 574
0 39 150
0 44 219
40 42 213
3 30 470
30 43 660
2 44 805
1 40 234
14 22 485
16 36 669
5 37 259
23 26 651
10 25 585
11 34 426
25 35 491
26 44 845
9 32 86
27 31 889
13 45 628
14 41 610
35 38 765
10 35 244
30 33 871
2 32 835
8 43 21
0 12 545
13 35 317
0 3 298
17 27 794
21 22 364
20 23 137
11 37 993
5 29 417
14 32 371
2 43 273
40 43 703
28 37 812
15 27 639
7 22 389
1 35 928
5 28 290
13 26 124
9 11 799
17 23 378
21 35 266
19 21 100
28 44 298
25 45 410
4 22 868
23 24 461
3 27 549
15 23 515
11 15 411
3 7 826
24 33 123
27 42 717
10 14 269
15 16 112
5 27 316
10 33 129
22 26 993
23 30 103
3 38 944
19 44 371
9 40 659
27 44 124
21 40 259
22 41 749
5 20 178
33 34 32
0 22 670
3 15 834
36 41 845
0 43 235
26 30 760
36 40 72
18 24 523
13 32 270
37 40 779
2 23 177
35 44 509
34 44 166
5 19 343
20 44 810
18 43 438
31 38 804
6 22 731
4 45 706
15 44 137
19 27 547
33 45 256
18 25 636
8 30 444
35 36 128
21 24 4
20 41 953
13 23 58
2 12 401
9 22 250
8 22 863
10 42 842
13 15 868
7 38 848
16 32 494
8 28 623
1 44 179
4 11 434
14 25 950
12 16 553
2 35 2
12 21 906
15 34 649
28 29 263
21 25 355
31 35 455
24 32 930
13 27 716
3 18 412
2 20 782
22 42 173
3 26 434
28 32 197
39 42 522
14 19 759
4 19 10
30 42 9
5 17 620
2 18 546
29 33 740
10 15 749
33 43 875
9 13 254
15 25 258
16 33 286
17 43 466
3 31 499
21 42 244
6 21 585
9 29 643
35 42 260
32 35 455
16 18 675
2 30 925
