100 4450
0 4
0 5
0 6
0 11
0 16
0 17
0 18
0 20
0 21
0 22
0 25
0 26
0 27
0 29
0 30
0 33
0 35
0 36
0 38
0 39
0 43
0 45
0 48
0 50
0 53
0 57
0 58
0 60
0 61
0 62
0 63
0 64
0 65
0 66
0 70
0 72
0 77
0 78
0 84
0 90
0 95
0 96
0 98
0 99
1 0
1 2
1 3
1 7
1 10
1 12
1 13
1 14
1 16
1 17
1 18
1 19
1 31
1 32
1 34
1 37
1 41
1 43
1 44
1 45
1 46
1 50
1 51
1 52
1 56
1 62
1 64
1 69
1 70
1 72
1 75
1 76
1 79
1 80
1 81
1 84
1 87
1 93
1 94
1 97
2 0
2 3
2 11
2 21
2 22
2 27
2 31
2 32
2 33
2 34
2 49
2 52
2 55
2 61
2 63
2 64
2 65
2 66
2 70
2 74
2 77
2 79
2 80
2 82
2 84
2 85
2 86
2 87
2 89
2 90
2 91
2 92
2 94
2 95
2 96
2 99
3 0
3 5
3 6
3 8
3 9
3 10
3 11
3 13
3 14
3 18
3 21
3 22
3 24
3 28
3 32
3 38
3 41
3 45
3 46
3 49
3 51
3 52
3 53
3 54
3 57
3 60
3 61
3 65
3 76
3 78
3 80
3 83
3 87
3 90
3 92
3 95
4 1
4 2
4 3
4 6
4 8
4 9
4 14
4 17
4 18
4 19
4 20
4 21
4 22
4 28
4 29
4 31
4 32
4 37
4 41
4 43
4 46
4 47
4 52
4 53
4 54
4 56
4 59
4 60
4 61
4 62
4 66
4 71
4 72
4 74
4 75
4 76
4 77
4 78
4 79
4 84
4 86
4 87
4 90
4 92
4 95
4 96
4 98
5 1
5 2
5 4
5 6
5 7
5 10
5 12
5 13
5 16
5 17
5 18
5 20
5 23
5 25
5 29
5 30
5 32
5 34
5 36
5 37
5 39
5 46
5 47
5 50
5 54
5 55
5 56
5 59
5 61
5 62
5 64
5 68
5 70
5 71
5 73
5 75
5 77
5 78
5 84
5 85
5 87
5 89
5 92
5 93
5 96
5 97
5 98
5 99
6 1
6 7
6 8
6 9
6 10
6 11
6 17
6 20
6 25
6 29
6 32
6 33
6 34
6 37
6 38
6 40
6 43
6 44
6 46
6 49
6 56
6 57
6 58
6 60
6 65
6 69
6 70
6 72
6 73
6 74
6 76
6 79
6 81
6 82
6 85
6 93
6 96
6 97
6 99
7 0
7 2
7 3
7 10
7 11
7 12
7 14
7 21
7 22
7 23
7 29
7 31
7 34
7 38
7 41
7 43
7 47
7 50
7 51
7 52
7 53
7 54
7 58
7 60
7 61
7 62
7 63
7 65
7 66
7 68
7 69
7 70
7 77
7 79
7 80
7 81
7 83
7 84
7 89
7 90
7 92
7 93
7 94
7 98
8 0
8 5
8 7
8 10
8 18
8 20
8 21
8 22
8 24
8 26
8 27
8 28
8 29
8 30
8 31
8 33
8 36
8 39
8 40
8 41
8 42
8 43
8 45
8 46
8 47
8 51
8 53
8 55
8 58
8 62
8 64
8 66
8 69
8 71
8 74
8 75
8 80
8 81
8 82
8 83
8 85
8 87
8 88
8 91
8 92
8 93
9 0
9 1
9 2
9 5
9 7
9 8
9 16
9 25
9 26
9 28
9 33
9 35
9 36
9 37
9 38
9 40
9 48
9 50
9 51
9 53
9 54
9 57
9 58
9 61
9 65
9 67
9 70
9 75
9 77
9 78
9 79
9 80
9 81
9 82
9 83
9 84
9 88
9 90
9 91
9 92
9 94
10 0
10 2
10 4
10 9
10 11
10 14
10 15
10 18
10 21
10 29
10 30
10 31
10 32
10 34
10 36
10 39
10 40
10 42
10 44
10 45
10 46
10 50
10 51
10 52
10 54
10 55
10 57
10 58
10 59
10 60
10 67
10 68
10 69
10 70
10 71
10 72
10 74
10 77
10 78
10 80
10 81
10 82
10 83
10 84
10 85
10 89
10 90
10 92
10 93
10 95
10 96
10 99
11 1
11 4
11 5
11 8
11 9
11 15
11 17
11 20
11 22
11 30
11 33
11 36
11 37
11 38
11 42
11 47
11 50
11 51
11 53
11 54
11 55
11 56
11 59
11 60
11 61
11 69
11 70
11 73
11 76
11 78
11 84
11 85
11 86
11 89
11 90
11 92
11 93
11 97
11 98
11 99
12 0
12 2
12 3
12 4
12 6
12 8
12 9
12 10
12 11
12 13
12 17
12 21
12 24
12 29
12 41
12 42
12 43
12 44
12 47
12 53
12 55
12 60
12 61
12 62
12 63
12 64
12 65
12 66
12 68
12 70
12 71
12 72
12 73
12 74
12 75
12 76
12 79
12 80
12 81
12 83
12 86
12 88
12 89
12 91
12 92
12 94
12 96
12 98
13 0
13 2
13 4
13 6
13 7
13 8
13 9
13 10
13 11
13 16
13 18
13 19
13 24
13 25
13 26
13 27
13 30
13 31
13 33
13 39
13 40
13 41
13 42
13 47
13 50
13 52
13 53
13 57
13 62
13 64
13 66
13 70
13 71
13 72
13 73
13 78
13 83
13 84
13 86
13 88
13 89
13 90
13 91
13 93
13 94
13 96
13 97
13 98
14 0
14 5
14 6
14 8
14 9
14 12
14 13
14 16
14 18
14 19
14 20
14 21
14 22
14 24
14 27
14 31
14 33
14 35
14 37
14 38
14 41
14 42
14 45
14 48
14 49
14 50
14 53
14 56
14 58
14 60
14 61
14 63
14 64
14 67
14 71
14 72
14 75
14 79
14 84
14 92
14 93
14 94
14 95
14 97
14 98
15 0
15 1
15 2
15 3
15 4
15 5
15 6
15 7
15 8
15 9
15 12
15 13
15 14
15 16
15 18
15 19
15 24
15 26
15 28
15 29
15 30
15 33
15 35
15 36
15 40
15 42
15 43
15 44
15 45
15 46
15 48
15 52
15 54
15 56
15 61
15 68
15 69
15 71
15 73
15 75
15 77
15 78
15 80
15 83
15 84
15 85
15 87
15 88
15 91
15 94
15 97
16 2
16 3
16 4
16 7
16 10
16 11
16 12
16 18
16 19
16 20
16 21
16 23
16 24
16 25
16 28
16 29
16 30
16 31
16 32
16 39
16 40
16 41
16 42
16 45
16 48
16 49
16 54
16 56
16 57
16 59
16 60
16 72
16 73
16 76
16 77
16 78
16 82
16 83
16 85
16 88
16 91
16 92
16 93
16 95
16 97
17 7
17 8
17 9
17 10
17 13
17 14
17 16
17 18
17 19
17 22
17 23
17 26
17 28
17 30
17 31
17 33
17 35
17 43
17 45
17 47
17 49
17 51
17 52
17 53
17 57
17 64
17 68
17 70
17 76
17 81
17 82
17 83
17 86
17 89
17 92
17 93
17 95
17 97
17 99
18 2
18 6
18 7
18 9
18 12
18 20
18 21
18 22
18 26
18 27
18 28
18 29
18 30
18 31
18 32
18 36
18 40
18 43
18 44
18 47
18 48
18 54
18 55
18 59
18 60
18 65
18 66
18 67
18 68
18 69
18 70
18 71
18 72
18 76
18 77
18 80
18 81
18 85
18 89
18 91
18 94
18 96
18 98
19 0
19 3
19 5
19 6
19 7
19 8
19 9
19 18
19 21
19 22
19 24
19 25
19 30
19 32
19 33
19 38
19 39
19 42
19 45
19 46
19 47
19 48
19 49
19 51
19 52
19 57
19 61
19 62
19 63
19 64
19 65
19 68
19 72
19 73
19 75
19 77
19 78
19 80
19 82
19 83
19 84
19 85
19 86
19 88
19 90
19 91
19 93
19 96
19 99
20 1
20 2
20 3
20 7
20 9
20 10
20 12
20 13
20 15
20 19
20 21
20 24
20 26
20 27
20 29
20 32
20 34
20 36
20 38
20 39
20 44
20 48
20 51
20 52
20 53
20 54
20 57
20 60
20 61
20 63
20 70
20 71
20 72
20 73
20 74
20 75
20 77
20 80
20 85
20 89
20 90
20 91
20 92
20 93
20 95
20 96
20 97
21 1
21 6
21 9
21 11
21 15
21 17
21 23
21 25
21 27
21 28
21 29
21 33
21 35
21 36
21 37
21 38
21 40
21 42
21 46
21 52
21 53
21 54
21 56
21 61
21 62
21 63
21 64
21 65
21 70
21 73
21 75
21 76
21 82
21 83
21 84
21 85
21 86
21 88
21 92
21 93
21 99
22 1
22 5
22 9
22 10
22 12
22 13
22 15
22 20
22 21
22 24
22 25
22 28
22 33
22 34
22 39
22 42
22 44
22 45
22 46
22 47
22 49
22 50
22 54
22 56
22 57
22 60
22 63
22 65
22 66
22 69
22 70
22 74
22 80
22 82
22 83
22 84
22 85
22 88
22 89
22 92
22 93
22 96
22 98
22 99
23 1
23 2
23 3
23 4
23 8
23 9
23 10
23 11
23 12
23 14
23 15
23 18
23 19
23 20
23 22
23 24
23 27
23 29
23 30
23 33
23 36
23 39
23 47
23 50
23 53
23 56
23 58
23 60
23 63
23 68
23 70
23 72
23 73
23 74
23 78
23 79
23 82
23 83
23 84
23 86
23 87
23 88
23 89
23 90
23 92
23 94
23 95
23 99
24 0
24 1
24 2
24 4
24 6
24 7
24 9
24 10
24 11
24 18
24 25
24 26
24 27
24 29
24 39
24 40
24 41
24 42
24 43
24 44
24 49
24 50
24 51
24 52
24 55
24 59
24 62
24 64
24 66
24 68
24 69
24 70
24 71
24 73
24 77
24 81
24 83
24 85
24 93
24 95
24 97
24 99
25 1
25 2
25 3
25 4
25 7
25 8
25 11
25 12
25 17
25 18
25 20
25 23
25 26
25 27
25 31
25 35
25 37
25 38
25 43
25 44
25 45
25 46
25 49
25 51
25 57
25 60
25 62
25 63
25 67
25 68
25 74
25 75
25 76
25 91
25 92
25 93
25 94
25 95
25 96
25 98
26 3
26 4
26 5
26 6
26 7
26 10
26 11
26 12
26 14
26 19
26 21
26 22
26 23
26 27
26 28
26 34
26 35
26 36
26 39
26 41
26 42
26 43
26 47
26 48
26 49
26 50
26 51
26 52
26 54
26 55
26 58
26 61
26 62
26 63
26 67
26 71
26 75
26 77
26 81
26 83
26 84
26 85
26 86
26 91
26 93
26 94
27 1
27 4
27 5
27 6
27 7
27 9
27 12
27 15
27 16
27 17
27 19
27 28
27 30
27 32
27 35
27 36
27 37
27 38
27 41
27 42
27 43
27 45
27 46
27 47
27 49
27 50
27 55
27 61
27 63
27 65
27 69
27 73
27 78
27 79
27 80
27 82
27 85
27 86
27 87
27 89
27 93
27 96
27 97
27 99
28 1
28 5
28 10
28 11
28 12
28 13
28 14
28 19
28 20
28 24
28 25
28 31
28 32
28 35
28 42
28 45
28 46
28 50
28 55
28 57
28 59
28 61
28 64
28 67
28 70
28 73
28 76
28 78
28 79
28 80
28 81
28 84
28 85
28 86
28 87
28 90
28 92
28 93
28 94
28 99
29 1
29 9
29 11
29 13
29 14
29 19
29 22
29 25
29 26
29 27
29 30
29 34
29 37
29 38
29 42
29 43
29 46
29 47
29 48
29 49
29 61
29 62
29 63
29 67
29 71
29 77
29 82
29 84
29 87
29 88
29 90
29 92
29 94
30 1
30 2
30 3
30 4
30 6
30 7
30 9
30 12
30 14
30 20
30 21
30 22
30 25
30 26
30 28
30 34
30 37
30 38
30 42
30 44
30 47
30 56
30 57
30 60
30 65
30 66
30 70
30 71
30 73
30 75
30 76
30 79
30 80
30 81
30 83
30 84
30 85
30 86
30 96
31 0
31 3
31 5
31 6
31 9
31 11
31 21
31 22
31 23
31 24
31 26
31 27
31 29
31 35
31 37
31 43
31 44
31 45
31 48
31 49
31 50
31 51
31 53
31 55
31 57
31 58
31 64
31 65
31 67
31 76
31 81
31 83
31 85
31 88
31 92
31 96
31 99
32 0
32 7
32 8
32 9
32 11
32 12
32 13
32 14
32 15
32 17
32 21
32 22
32 23
32 24
32 25
32 26
32 29
32 30
32 36
32 37
32 38
32 39
32 40
32 42
32 43
32 47
32 48
32 51
32 52
32 53
32 55
32 56
32 57
32 59
32 60
32 61
32 63
32 65
32 66
32 68
32 70
32 71
32 72
32 75
32 77
32 78
32 80
32 83
32 89
32 94
32 95
32 96
32 99
33 1
33 3
33 4
33 10
33 12
33 16
33 20
33 25
33 27
33 28
33 29
33 30
33 31
33 32
33 35
33 36
33 37
33 40
33 41
33 43
33 46
33 47
33 48
33 50
33 51
33 52
33 54
33 57
33 59
33 68
33 75
33 76
33 81
33 82
33 83
33 84
33 87
33 88
33 89
33 90
33 91
33 95
34 0
34 3
34 4
34 8
34 9
34 11
34 12
34 13
34 15
34 16
34 17
34 23
34 24
34 25
34 28
34 31
34 32
34 33
34 35
34 36
34 37
34 42
34 45
34 48
34 50
34 52
34 54
34 55
34 56
34 57
34 59
34 60
34 61
34 62
34 64
34 65
34 67
34 69
34 71
34 73
34 75
34 77
34 79
34 80
34 82
34 84
34 89
34 90
34 96
34 97
34 98
35 1
35 2
35 4
35 5
35 7
35 8
35 11
35 12
35 16
35 18
35 19
35 20
35 22
35 23
35 24
35 29
35 32
35 40
35 42
35 43
35 45
35 48
35 53
35 61
35 63
35 65
35 69
35 70
35 72
35 73
35 74
35 75
35 78
35 79
35 80
35 81
35 82
35 83
35 85
35 86
35 90
35 91
35 93
35 94
35 95
36 1
36 2
36 3
36 6
36 7
36 12
36 13
36 14
36 16
36 17
36 19
36 24
36 29
36 30
36 35
36 37
36 38
36 42
36 45
36 48
36 52
36 55
36 56
36 60
36 61
36 62
36 64
36 65
36 68
36 69
36 75
36 77
36 78
36 80
36 81
36 82
36 85
36 87
36 89
36 90
36 92
36 94
36 96
37 0
37 2
37 3
37 7
37 8
37 10
37 12
37 13
37 15
37 16
37 17
37 19
37 22
37 23
37 24
37 26
37 28
37 35
37 38
37 39
37 46
37 47
37 49
37 53
37 54
37 56
37 58
37 59
37 60
37 61
37 62
37 63
37 64
37 68
37 70
37 74
37 75
37 76
37 77
37 80
37 82
37 85
37 86
37 88
37 90
37 91
37 96
37 98
37 99
38 1
38 4
38 5
38 8
38 12
38 13
38 15
38 16
38 17
38 18
38 23
38 24
38 26
38 31
38 33
38 34
38 35
38 39
38 40
38 41
38 42
38 45
38 46
38 47
38 49
38 50
38 52
38 53
38 54
38 55
38 59
38 60
38 61
38 62
38 67
38 69
38 71
38 73
38 75
38 76
38 77
38 80
38 84
38 85
38 86
38 87
38 88
38 91
38 92
38 94
38 98
38 99
39 1
39 2
39 3
39 4
39 7
39 9
39 11
39 12
39 14
39 15
39 17
39 18
39 21
39 25
39 27
39 28
39 29
39 30
39 31
39 33
39 34
39 35
39 36
39 40
39 41
39 42
39 46
39 47
39 48
39 49
39 50
39 51
39 52
39 54
39 55
39 56
39 58
39 65
39 66
39 67
39 68
39 72
39 75
39 78
39 80
39 81
39 83
39 84
39 85
39 90
39 92
39 93
39 94
39 95
39 97
40 0
40 1
40 2
40 3
40 4
40 5
40 11
40 14
40 17
40 20
40 22
40 25
40 26
40 27
40 28
40 29
40 30
40 34
40 36
40 37
40 41
40 43
40 46
40 51
40 53
40 54
40 56
40 57
40 58
40 60
40 62
40 64
40 65
40 66
40 70
40 72
40 76
40 79
40 81
40 83
40 86
40 88
40 89
40 91
40 93
40 94
40 95
40 97
41 0
41 2
41 5
41 6
41 9
41 10
41 15
41 17
41 18
41 19
41 20
41 21
41 22
41 25
41 28
41 29
41 30
41 31
41 34
41 35
41 37
41 45
41 53
41 55
41 56
41 60
41 61
41 62
41 63
41 66
41 68
41 69
41 73
41 74
41 80
41 83
41 84
41 85
41 86
41 92
41 97
41 98
42 0
42 1
42 2
42 3
42 4
42 5
42 6
42 9
42 17
42 18
42 20
42 23
42 31
42 33
42 37
42 40
42 41
42 43
42 44
42 45
42 46
42 48
42 49
42 54
42 56
42 60
42 66
42 68
42 69
42 70
42 72
42 74
42 75
42 83
42 84
42 91
42 93
42 95
42 96
42 98
43 3
43 5
43 9
43 10
43 11
43 13
43 14
43 19
43 20
43 21
43 22
43 23
43 28
43 30
43 34
43 37
43 38
43 39
43 41
43 49
43 51
43 59
43 64
43 69
43 71
43 72
43 75
43 76
43 78
43 79
43 80
43 82
43 87
43 89
43 90
43 91
43 96
44 0
44 2
44 3
44 4
44 5
44 7
44 9
44 11
44 13
44 14
44 16
44 21
44 23
44 26
44 27
44 34
44 35
44 36
44 37
44 38
44 39
44 40
44 41
44 43
44 45
44 47
44 51
44 53
44 54
44 57
44 59
44 63
44 65
44 66
44 73
44 74
44 75
44 79
44 81
44 84
44 85
44 90
44 91
44 94
44 98
45 2
45 4
45 5
45 6
45 7
45 9
45 11
45 12
45 13
45 18
45 20
45 21
45 24
45 26
45 29
45 30
45 32
45 33
45 37
45 39
45 40
45 43
45 48
45 50
45 58
45 59
45 60
45 66
45 67
45 69
45 70
45 73
45 79
45 81
45 83
45 85
45 86
45 88
45 92
45 94
45 97
46 0
46 2
46 7
46 9
46 11
46 12
46 13
46 14
46 17
46 18
46 20
46 23
46 26
46 32
46 34
46 36
46 41
46 44
46 45
46 47
46 50
46 51
46 53
46 59
46 61
46 63
46 65
46 70
46 72
46 74
46 77
46 78
46 80
46 84
46 85
46 86
46 87
46 88
46 90
46 92
46 94
46 97
46 98
47 0
47 2
47 3
47 9
47 10
47 14
47 16
47 20
47 21
47 24
47 25
47 31
47 36
47 40
47 42
47 43
47 45
47 50
47 51
47 55
47 57
47 64
47 68
47 77
47 79
47 80
47 81
47 83
47 90
47 95
47 97
47 99
48 1
48 3
48 4
48 5
48 6
48 7
48 8
48 11
48 13
48 17
48 21
48 22
48 23
48 27
48 28
48 37
48 38
48 40
48 43
48 44
48 49
48 51
48 54
48 56
48 57
48 58
48 59
48 61
48 62
48 63
48 65
48 66
48 67
48 68
48 70
48 73
48 74
48 75
48 77
48 79
48 80
48 88
48 90
48 92
48 95
48 96
48 98
48 99
49 0
49 5
49 7
49 8
49 9
49 10
49 11
49 15
49 18
49 20
49 28
49 30
49 32
49 33
49 34
49 35
49 40
49 41
49 44
49 45
49 46
49 51
49 52
49 58
49 59
49 62
49 63
49 65
49 66
49 70
49 71
49 72
49 73
49 74
49 75
49 76
49 82
49 85
49 86
49 92
49 94
49 95
49 96
49 97
49 99
50 2
50 3
50 4
50 6
50 8
50 12
50 15
50 16
50 17
50 18
50 19
50 20
50 21
50 25
50 29
50 30
50 35
50 36
50 37
50 41
50 42
50 43
50 48
50 49
50 52
50 54
50 57
50 58
50 60
50 64
50 67
50 68
50 69
50 70
50 72
50 73
50 74
50 75
50 76
50 78
50 79
50 82
50 86
50 87
50 89
50 90
50 94
50 98
51 0
51 2
51 4
51 5
51 6
51 12
51 13
51 14
51 15
51 16
51 18
51 21
51 22
51 23
51 28
51 29
51 30
51 34
51 35
51 36
51 38
51 41
51 42
51 45
51 50
51 52
51 53
51 54
51 55
51 59
51 60
51 61
51 62
51 63
51 64
51 65
51 67
51 71
51 72
51 73
51 79
51 80
51 82
51 84
51 85
51 86
51 89
51 93
51 95
51 97
52 0
52 6
52 8
52 11
52 14
52 16
52 18
52 22
52 23
52 25
52 28
52 30
52 31
52 35
52 37
52 40
52 41
52 42
52 43
52 44
52 45
52 46
52 47
52 48
52 54
52 55
52 56
52 63
52 66
52 67
52 70
52 75
52 80
52 81
52 84
52 88
52 90
52 91
52 92
52 93
52 98
52 99
53 1
53 2
53 5
53 6
53 10
53 15
53 16
53 18
53 19
53 22
53 24
53 25
53 27
53 28
53 29
53 33
53 34
53 36
53 39
53 42
53 43
53 45
53 47
53 48
53 49
53 50
53 55
53 58
53 60
53 61
53 62
53 64
53 67
53 70
53 71
53 73
53 75
53 77
53 80
53 81
53 83
53 89
53 92
53 94
53 95
53 96
53 97
53 98
53 99
54 0
54 1
54 2
54 6
54 8
54 12
54 13
54 14
54 17
54 19
54 23
54 24
54 25
54 27
54 28
54 29
54 30
54 31
54 32
54 35
54 36
54 43
54 45
54 46
54 47
54 49
54 53
54 55
54 56
54 60
54 63
54 66
54 68
54 70
54 71
54 72
54 73
54 74
54 75
54 76
54 78
54 79
54 81
54 83
54 85
54 86
54 87
54 89
54 90
54 91
54 92
54 93
54 96
54 99
55 1
55 3
55 4
55 6
55 7
55 9
55 13
55 14
55 15
55 16
55 17
55 19
55 20
55 22
55 23
55 25
55 29
55 30
55 33
55 35
55 37
55 43
55 44
55 45
55 46
55 48
55 49
55 50
55 56
55 58
55 62
55 64
55 65
55 67
55 73
55 80
55 81
55 82
55 84
55 91
55 96
55 98
56 0
56 2
56 3
56 7
56 8
56 9
56 10
56 13
56 17
56 19
56 20
56 24
56 25
56 26
56 27
56 28
56 29
56 31
56 33
56 35
56 43
56 44
56 45
56 46
56 47
56 49
56 50
56 51
56 53
56 64
56 66
56 67
56 69
56 71
56 72
56 75
56 76
56 77
56 85
56 87
56 92
56 95
56 96
57 1
57 2
57 5
57 7
57 8
57 11
57 12
57 14
57 15
57 23
57 24
57 26
57 27
57 35
57 37
57 38
57 39
57 41
57 42
57 43
57 45
57 46
57 49
57 51
57 52
57 53
57 54
57 55
57 60
57 64
57 66
57 67
57 68
57 70
57 73
57 75
57 76
57 79
57 82
57 83
57 86
57 90
57 92
57 93
57 96
57 97
58 1
58 2
58 3
58 4
58 5
58 12
58 13
58 15
58 16
58 17
58 18
58 19
58 22
58 24
58 25
58 27
58 28
58 33
58 34
58 35
58 36
58 38
58 41
58 42
58 43
58 44
58 47
58 51
58 52
58 54
58 56
58 57
58 59
58 61
58 66
58 67
58 70
58 71
58 75
58 76
58 77
58 79
58 84
58 86
58 88
58 90
58 91
58 93
58 96
58 97
59 0
59 1
59 2
59 3
59 6
59 7
59 9
59 12
59 13
59 14
59 15
59 17
59 19
59 20
59 21
59 22
59 23
59 25
59 26
59 29
59 30
59 35
59 39
59 42
59 47
59 52
59 53
59 54
59 55
59 56
59 57
59 61
59 62
59 65
59 69
59 70
59 71
59 76
59 82
59 83
59 84
59 85
59 86
59 87
59 89
59 91
59 92
59 94
59 96
59 98
60 2
60 5
60 9
60 15
60 17
60 19
60 21
60 24
60 27
60 28
60 29
60 31
60 33
60 35
60 39
60 43
60 44
60 46
60 48
60 49
60 52
60 55
60 58
60 59
60 62
60 63
60 66
60 67
60 70
60 71
60 72
60 73
60 74
60 75
60 78
60 80
60 81
60 83
60 86
60 87
60 91
60 93
60 95
60 96
60 97
61 1
61 10
61 16
61 17
61 18
61 22
61 24
61 25
61 30
61 31
61 33
61 39
61 42
61 43
61 44
61 47
61 49
61 52
61 55
61 57
61 60
61 63
61 64
61 65
61 66
61 72
61 74
61 77
61 79
61 81
61 82
61 83
61 85
61 94
61 95
62 2
62 3
62 6
62 9
62 10
62 11
62 14
62 15
62 17
62 18
62 20
62 22
62 23
62 27
62 31
62 32
62 35
62 39
62 43
62 44
62 46
62 47
62 50
62 52
62 54
62 56
62 57
62 63
62 64
62 65
62 69
62 71
62 73
62 77
62 78
62 80
62 83
62 85
62 86
62 90
62 92
62 93
62 94
62 95
62 97
63 1
63 3
63 4
63 5
63 6
63 9
63 11
63 13
63 15
63 17
63 24
63 30
63 33
63 34
63 36
63 38
63 39
63 40
63 42
63 45
63 47
63 50
63 53
63 56
63 57
63 58
63 59
63 67
63 68
63 69
63 70
63 72
63 73
63 74
63 75
63 79
63 82
63 85
63 86
63 87
63 89
63 90
63 94
63 97
64 3
64 4
64 6
64 7
64 9
64 10
64 11
64 15
64 16
64 18
64 20
64 22
64 26
64 27
64 29
64 30
64 32
64 33
64 35
64 38
64 39
64 41
64 44
64 48
64 52
64 54
64 58
64 59
64 60
64 63
64 66
64 70
64 72
64 74
64 75
64 77
64 78
64 80
64 81
64 84
64 86
64 88
64 89
64 90
64 92
64 94
64 95
64 98
64 99
65 1
65 4
65 8
65 10
65 11
65 14
65 15
65 16
65 17
65 23
65 25
65 26
65 28
65 29
65 33
65 37
65 38
65 41
65 47
65 50
65 52
65 53
65 54
65 56
65 57
65 63
65 67
65 68
65 74
65 75
65 76
65 77
65 82
65 85
65 86
65 87
65 88
65 92
65 94
65 99
66 3
66 6
66 10
66 11
66 14
66 15
66 16
66 17
66 19
66 20
66 21
66 23
66 25
66 26
66 27
66 28
66 29
66 31
66 34
66 35
66 37
66 38
66 43
66 46
66 47
66 50
66 51
66 53
66 55
66 62
66 63
66 65
66 67
66 73
66 77
66 78
66 81
66 84
66 89
66 91
66 92
66 94
66 96
66 98
67 0
67 1
67 2
67 3
67 4
67 5
67 6
67 7
67 8
67 11
67 12
67 13
67 16
67 17
67 21
67 23
67 24
67 27
67 30
67 33
67 35
67 37
67 40
67 41
67 42
67 44
67 47
67 49
67 59
67 61
67 62
67 64
67 69
67 71
67 80
67 82
67 84
67 92
67 94
67 96
68 0
68 2
68 3
68 4
68 6
68 8
68 9
68 11
68 13
68 14
68 16
68 20
68 21
68 26
68 28
68 29
68 30
68 31
68 35
68 38
68 40
68 43
68 44
68 45
68 49
68 51
68 52
68 53
68 55
68 56
68 58
68 59
68 60
68 62
68 64
68 67
68 69
68 73
68 74
68 76
68 77
68 79
68 80
68 91
68 92
68 93
68 95
68 96
69 2
69 3
69 4
69 5
69 9
69 12
69 13
69 14
69 17
69 19
69 20
69 21
69 23
69 25
69 26
69 29
69 30
69 31
69 32
69 33
69 37
69 40
69 46
69 48
69 49
69 51
69 52
69 53
69 54
69 55
69 58
69 60
69 61
69 64
69 70
69 71
69 73
69 74
69 77
69 80
69 83
69 84
69 91
69 93
69 94
69 97
69 98
70 3
70 4
70 8
70 14
70 15
70 16
70 19
70 25
70 26
70 27
70 29
70 33
70 34
70 36
70 38
70 43
70 44
70 55
70 56
70 61
70 65
70 66
70 67
70 68
70 71
70 72
70 75
70 76
70 79
70 80
70 82
70 84
70 86
70 89
70 90
70 91
70 96
70 97
71 0
71 2
71 3
71 6
71 7
71 9
71 11
71 16
71 21
71 22
71 23
71 25
71 27
71 33
71 35
71 40
71 42
71 44
71 45
71 46
71 47
71 48
71 50
71 52
71 55
71 57
71 61
71 63
71 64
71 65
71 66
71 68
71 73
71 75
71 76
71 77
71 84
71 85
71 86
71 87
71 88
71 90
71 91
71 95
71 98
72 3
72 9
72 17
72 21
72 22
72 24
72 25
72 26
72 28
72 29
72 30
72 31
72 33
72 34
72 36
72 38
72 41
72 45
72 47
72 48
72 52
72 53
72 57
72 58
72 59
72 65
72 66
72 67
72 68
72 69
72 71
72 76
72 83
72 84
72 86
72 88
72 90
72 91
72 92
72 93
72 98
72 99
73 0
73 1
73 2
73 3
73 8
73 10
73 14
73 17
73 18
73 25
73 32
73 33
73 36
73 37
73 39
73 40
73 42
73 43
73 46
73 47
73 52
73 58
73 59
73 61
73 64
73 70
73 72
73 74
73 75
73 76
73 78
73 80
73 81
73 83
73 84
73 85
73 86
73 87
73 91
73 92
73 93
73 98
73 99
74 0
74 1
74 3
74 7
74 11
74 13
74 14
74 15
74 16
74 17
74 18
74 19
74 21
74 24
74 26
74 28
74 29
74 30
74 33
74 34
74 36
74 38
74 39
74 40
74 43
74 45
74 47
74 51
74 52
74 53
74 55
74 56
74 57
74 58
74 59
74 66
74 67
74 70
74 72
74 75
74 76
74 77
74 78
74 79
74 80
74 81
74 87
74 90
74 91
74 92
74 93
74 94
74 95
74 96
74 97
75 0
75 2
75 3
75 6
75 7
75 10
75 11
75 13
75 16
75 17
75 18
75 22
75 23
75 24
75 27
75 28
75 29
75 31
75 40
75 41
75 45
75 46
75 47
75 51
75 55
75 59
75 61
75 62
75 66
75 68
75 72
75 76
75 77
75 79
75 80
75 81
75 82
75 83
75 84
75 85
75 90
75 91
75 92
75 93
75 96
76 0
76 2
76 5
76 7
76 8
76 10
76 13
76 14
76 15
76 19
76 20
76 22
76 23
76 24
76 27
76 29
76 32
76 34
76 35
76 36
76 39
76 42
76 45
76 46
76 47
76 48
76 52
76 53
76 55
76 60
76 61
76 62
76 63
76 66
76 67
76 69
76 78
76 79
76 80
76 82
76 83
76 84
76 86
76 88
76 89
76 90
76 92
76 93
76 94
76 99
77 1
77 3
77 6
77 8
77 11
77 12
77 13
77 14
77 17
77 21
77 23
77 25
77 27
77 28
77 31
77 33
77 35
77 40
77 41
77 42
77 44
77 45
77 49
77 50
77 51
77 52
77 54
77 55
77 57
77 59
77 60
77 67
77 72
77 73
77 76
77 78
77 80
77 81
77 83
77 84
77 85
77 88
77 90
77 91
77 92
77 93
77 94
77 95
77 96
77 97
77 98
77 99
78 1
78 2
78 6
78 7
78 8
78 12
78 14
78 17
78 18
78 20
78 21
78 22
78 24
78 25
78 26
78 30
78 31
78 33
78 38
78 41
78 42
78 44
78 45
78 47
78 48
78 49
78 51
78 52
78 55
78 56
78 57
78 58
78 59
78 61
78 63
78 65
78 67
78 68
78 69
78 72
78 75
78 79
78 81
78 84
78 87
78 88
78 89
78 97
79 5
79 10
79 11
79 13
79 15
79 16
79 17
79 18
79 19
79 20
79 21
79 24
79 25
79 26
79 31
79 32
79 36
79 37
79 38
79 39
79 41
79 46
79 52
79 53
79 55
79 56
79 60
79 62
79 65
79 66
79 67
79 69
79 71
79 72
79 77
79 80
79 81
79 84
79 86
79 88
79 89
79 93
79 95
79 96
79 97
79 98
80 0
80 4
80 5
80 13
80 14
80 16
80 17
80 21
80 23
80 24
80 25
80 29
80 31
80 33
80 40
80 42
80 44
80 45
80 49
80 50
80 54
80 56
80 57
80 59
80 61
80 63
80 65
80 66
80 71
80 72
80 81
80 82
80 84
80 85
80 86
80 87
80 90
80 93
80 94
80 95
80 96
80 97
80 99
81 0
81 2
81 3
81 4
81 5
81 11
81 13
81 14
81 15
81 16
81 19
81 20
81 21
81 22
81 23
81 25
81 27
81 29
81 32
81 34
81 38
81 41
81 42
81 43
81 49
81 50
81 51
81 56
81 57
81 58
81 62
81 63
81 65
81 67
81 68
81 69
81 70
81 72
81 76
81 82
81 86
81 88
81 89
81 90
81 92
81 96
81 97
81 99
82 0
82 1
82 3
82 4
82 5
82 7
82 11
82 12
82 13
82 18
82 20
82 24
82 25
82 26
82 28
82 31
82 32
82 38
82 46
82 47
82 52
82 54
82 56
82 58
82 60
82 62
82 64
82 71
82 72
82 73
82 74
82 77
82 78
82 79
82 85
82 87
82 88
82 89
82 92
82 94
82 97
82 98
83 0
83 1
83 2
83 4
83 5
83 6
83 11
83 14
83 20
83 25
83 27
83 28
83 34
83 36
83 37
83 38
83 44
83 46
83 48
83 49
83 50
83 51
83 52
83 55
83 56
83 58
83 64
83 65
83 66
83 67
83 68
83 74
83 78
83 79
83 80
83 81
83 82
83 84
83 88
83 89
83 95
83 97
83 99
84 3
84 6
84 8
84 12
84 16
84 17
84 18
84 20
84 24
84 25
84 31
84 36
84 37
84 40
84 43
84 45
84 47
84 48
84 53
84 54
84 56
84 57
84 61
84 62
84 63
84 65
84 68
84 74
84 81
84 82
84 87
84 91
84 92
84 95
84 99
85 0
85 1
85 3
85 4
85 7
85 9
85 13
85 14
85 17
85 23
85 25
85 32
85 42
85 47
85 48
85 50
85 52
85 53
85 57
85 64
85 66
85 67
85 68
85 69
85 70
85 72
85 74
85 76
85 78
85 79
85 81
85 83
85 84
85 90
85 92
85 97
85 98
85 99
86 1
86 3
86 5
86 6
86 7
86 8
86 9
86 10
86 14
86 15
86 16
86 18
86 20
86 22
86 24
86 25
86 29
86 31
86 32
86 33
86 34
86 36
86 39
86 42
86 43
86 44
86 47
86 48
86 53
86 55
86 56
86 61
86 67
86 69
86 74
86 75
86 77
86 78
86 82
86 83
86 84
86 85
86 87
86 88
86 89
86 90
86 92
86 95
86 98
86 99
87 0
87 6
87 10
87 11
87 12
87 13
87 14
87 16
87 17
87 18
87 20
87 21
87 22
87 24
87 26
87 30
87 31
87 32
87 34
87 35
87 37
87 39
87 40
87 41
87 42
87 44
87 45
87 48
87 49
87 51
87 52
87 55
87 57
87 58
87 61
87 62
87 66
87 67
87 68
87 69
87 70
87 72
87 75
87 76
87 77
87 79
87 81
87 83
87 89
87 90
87 98
88 0
88 1
88 2
88 3
88 4
88 5
88 7
88 10
88 11
88 14
88 17
88 18
88 24
88 26
88 27
88 28
88 30
88 32
88 34
88 35
88 36
88 39
88 41
88 42
88 43
88 44
88 49
88 50
88 51
88 53
88 54
88 55
88 56
88 57
88 60
88 61
88 63
88 66
88 68
88 69
88 74
88 75
88 80
88 85
88 90
88 91
88 97
88 98
88 99
89 0
89 3
89 6
89 8
89 9
89 14
89 15
89 19
89 21
89 24
89 25
89 26
89 28
89 29
89 31
89 35
89 37
89 38
89 39
89 41
89 42
89 44
89 46
89 47
89 48
89 49
89 52
89 55
89 56
89 57
89 58
89 60
89 61
89 62
89 67
89 68
89 69
89 72
89 73
89 75
89 77
89 84
89 85
89 88
89 90
89 92
89 93
89 94
89 96
89 97
89 98
90 1
90 5
90 6
90 12
90 16
90 17
90 18
90 21
90 22
90 24
90 25
90 26
90 27
90 38
90 40
90 41
90 42
90 45
90 51
90 53
90 55
90 56
90 59
90 61
90 66
90 68
90 69
90 73
90 79
90 82
90 84
90 92
90 94
90 95
90 96
90 98
90 99
91 0
91 1
91 3
91 4
91 6
91 7
91 11
91 14
91 21
91 22
91 23
91 24
91 28
91 29
91 30
91 31
91 32
91 36
91 41
91 45
91 46
91 47
91 49
91 50
91 51
91 56
91 57
91 61
91 62
91 63
91 64
91 67
91 76
91 78
91 79
91 80
91 81
91 85
91 86
91 87
91 89
91 90
91 93
91 95
91 98
91 99
92 0
92 6
92 13
92 15
92 18
92 19
92 24
92 27
92 30
92 32
92 33
92 34
92 35
92 37
92 40
92 42
92 44
92 47
92 50
92 55
92 58
92 60
92 61
92 63
92 69
92 70
92 71
92 78
92 79
92 80
92 83
92 87
92 88
92 91
92 95
92 97
92 98
92 99
93 0
93 2
93 3
93 4
93 12
93 15
93 18
93 23
93 29
93 30
93 32
93 34
93 37
93 38
93 41
93 43
93 44
93 45
93 46
93 48
93 50
93 53
93 55
93 56
93 59
93 61
93 63
93 64
93 65
93 66
93 67
93 70
93 71
93 78
93 81
93 82
93 83
93 84
93 85
93 86
93 87
93 88
93 90
93 92
93 95
93 98
94 0
94 3
94 4
94 5
94 6
94 8
94 11
94 16
94 17
94 20
94 21
94 22
94 24
94 27
94 30
94 33
94 34
94 37
94 41
94 43
94 47
94 48
94 51
94 52
94 54
94 55
94 57
94 58
94 68
94 70
94 71
94 72
94 73
94 78
94 81
94 83
94 84
94 85
94 86
94 87
94 91
94 92
95 5
95 6
95 8
95 9
95 11
95 12
95 13
95 15
95 18
95 19
95 26
95 27
95 28
95 29
95 30
95 31
95 34
95 36
95 37
95 38
95 41
95 43
95 44
95 45
95 46
95 50
95 52
95 54
95 55
95 57
95 58
95 59
95 63
95 65
95 66
95 69
95 72
95 73
95 75
95 76
95 78
95 81
95 82
95 87
95 88
95 89
95 94
95 98
95 99
96 1
96 3
96 8
96 9
96 11
96 15
96 21
96 23
96 24
96 26
96 28
96 29
96 33
96 35
96 38
96 39
96 40
96 41
96 44
96 45
96 46
96 50
96 51
96 52
96 61
96 62
96 63
96 71
96 72
96 73
96 76
96 78
96 82
96 83
96 85
96 86
96 87
96 88
96 91
96 92
96 93
96 94
96 95
96 98
97 0
97 2
97 3
97 7
97 8
97 9
97 10
97 12
97 18
97 23
97 25
97 26
97 28
97 29
97 30
97 31
97 32
97 33
97 36
97 37
97 38
97 43
97 44
97 48
97 50
97 52
97 54
97 55
97 56
97 59
97 64
97 65
97 66
97 68
97 71
97 72
97 75
97 84
97 86
97 93
97 94
97 95
97 96
98 1
98 3
98 8
98 9
98 10
98 15
98 16
98 17
98 20
98 21
98 23
98 24
98 26
98 28
98 30
98 32
98 33
98 35
98 36
98 39
98 40
98 43
98 45
98 49
98 54
98 56
98 57
98 58
98 60
98 62
98 63
98 65
98 67
98 70
98 74
98 75
98 76
98 78
98 80
98 81
98 97
99 1
99 3
99 4
99 7
99 8
99 9
99 12
99 13
99 15
99 20
99 25
99 26
99 29
99 30
99 33
99 34
99 35
99 36
99 39
99 41
99 42
99 44
99 45
99 46
99 50
99 51
99 55
99 56
99 57
99 58
99 59
99 60
99 62
99 66
99 67
99 69
99 70
99 71
99 74
99 75
99 79
99 82
99 89
99 93
99 96
99 98
